major minor  #blocks  name

   1        0      16384 ram0
   1        1      16384 ram1
   1        2      16384 ram2
   1        3      16384 ram3
   1        4      16384 ram4
   1        5      16384 ram5
   1        6      16384 ram6
   1        7      16384 ram7
   1        8      16384 ram8
   1        9      16384 ram9
   1       10      16384 ram10
   1       11      16384 ram11
   1       12      16384 ram12
   1       13      16384 ram13
   1       14      16384 ram14
   1       15      16384 ram15
   8        0  732574584 sda
   8        1     512000 sda1
   8        2      40960 sda2
   8        3     131072 sda3
   8        4     501760 sda4
   8        5  206745600 sda5
   8        6     501760 sda6
   8        7  102400000 sda7
   8        8  102398976 sda8
   8        9  134888448 sda9
   8       10   12139384 sda10
   8       11     195584 sda11
   8       12     195584 sda12
   8       13   97701888 sda13
   8       14    4194304 sda14
  11        0    1048575 sr0
